
     Time (days)       Flux       Uncertainty

     12.08518100     34551.450      131.824
     12.08587544     34685.333      131.826
     12.08656988     34489.093      131.834
     12.08726433     34759.616      131.854
     12.08795877     34398.995      131.910
     12.08865322     34539.433      131.897
     12.08934766     34575.191      131.873
     12.09004211     34858.399      131.835
     12.09073655     34642.000      131.881
     12.09143100     34551.797      131.847
     12.09212544     34818.283      131.867
     12.09281988     34703.222      131.879
     12.09351433     34709.901      131.893
     12.09420877     34734.647      131.808
     12.09490322     34738.797      131.851
     12.09559766     34621.444      131.964
     12.09629211     34558.177      131.880
     12.09698655     34739.436      131.861
     12.09768100     34554.941      131.880
     12.09837544     34598.749      131.841
     12.09906988     34599.566      131.899
     12.09976433     34481.061      131.823
     12.10045877     34777.397      131.907
     12.10115322     34710.220      131.859
     12.10184766     34474.600      131.918
     12.10254211     34393.361      131.839
     12.10323655     34781.809      131.929
     12.10393100     34546.967      131.892
     12.10462544     34702.036      131.841
     12.10531988     34471.167      131.873
     12.10601433     34575.400      131.903
     12.10670877     34214.372      131.938
     12.10740322     34683.055      131.849
     12.10809766     34435.103      131.864
     12.10879211     34510.355      131.797
     12.10948655     34635.243      131.898
     12.11018100     34294.956      131.894
     12.11087544     34636.898      131.887
     12.11156988     34637.502      131.843
     12.11226433     34469.996      131.875
     12.11295877     34559.990      131.876
     12.11365322     34451.620      131.894
     12.11434766     34579.331      131.901
     12.11504211     34488.638      131.907
     12.11573655     34584.557      131.940
     12.11643100     34394.029      131.877
     12.11712544     34640.649      131.871
     12.11781988     34490.351      131.844
     12.11851433     34602.446      131.886
     12.11920877     34507.185      131.938
     12.11990322     34346.797      131.861
     12.12059766     34345.401      131.847
     12.12129211     34587.590      131.887
     12.12198655     34610.791      131.847
     12.12268100     34636.220      131.865
     12.12337544     34677.123      131.915
     12.12406988     34384.943      131.908
     12.12476433     34426.656      131.932
     12.12545877     34455.802      131.913
     12.12615322     34426.977      131.873
     12.12684766     34446.614      131.938
     12.12754211     34495.451      131.930
     12.12823655     34640.235      131.976
     12.12893100     34510.504      131.899
     12.12962544     34546.881      131.918
     12.13031988     34496.461      131.860
     12.13101433     34571.196      131.909
     12.13170877     34465.819      131.844
     12.13240322     34654.651      131.878
     12.13309766     34551.622      131.991
     12.13379211     34677.086      131.924
     12.13448655     34854.325      131.935
     12.13518100     34574.254      131.874
     12.13587544     34623.106      131.903
     12.13656988     34522.396      131.939
     12.13726433     34583.705      131.958
     12.13795877     34614.395      131.902
     12.13865322     34853.187      131.972
     12.13934766     34635.941      131.892
     12.14004211     34669.112      131.834
     12.14073655     34452.711      131.888
     12.14143100     34482.213      131.945
     12.14212544     34647.908      131.906
     12.14281988     34628.995      131.891
     12.14351433     34707.269      131.957
     12.14420877     34422.827      131.924
     12.14490322     34464.423      131.918
     12.14559766     34615.406      131.902
     12.14629211     34496.970      131.952
     12.14698655     34403.868      131.898
     12.14768100     34383.977      131.858
     12.14837544     34490.732      131.944
     12.14906988     34743.997      131.936
     12.14976433     34714.242      131.932
     12.15045877     34591.752      131.951
     12.15115322     34662.047      131.961
     12.15184766     34694.695      131.995
     12.15254211     34558.001      131.894
     12.15323655     34578.159      131.962
     12.15393100     34611.212      131.982
     12.15462544     34704.445      131.930
     12.15531988     34686.505      131.890
     12.15601433     34594.460      131.944
     12.15670877     34420.843      131.976
     12.15740322     34624.262      131.906
     12.15809766     34425.813      131.939
     12.15879211     34489.581      131.937
     12.15948655     34527.335      131.931
     12.16018100     34704.253      131.916
     12.16087544     34450.820      131.994
     12.16156988     34355.164      131.929
     12.16226433     34369.616      131.968
     12.16295877     34395.867      131.913
     12.16365322     34519.950      131.916
     12.16434766     34629.469      131.938
     12.16504211     34647.008      131.894
     12.16573655     34584.176      131.938
     12.16643100     34466.146      131.873
     12.16712544     34500.222      131.912
     12.16781988     34666.429      131.957
     12.16851433     34731.833      131.957
     12.16920877     34690.832      131.976
     12.16990322     34794.094      131.981
     12.17059766     34598.970      131.948
     12.17129211     34339.395      131.982
     12.17198655     34664.079      131.937
     12.17268100     34729.179      131.906
     12.17337544     34487.079      131.971
     12.17406988     34690.881      131.914
     12.17476433     34629.872      131.971
     12.17545877     34649.711      132.016
     12.17615322     34569.789      131.973
     12.17684766     34647.706      131.944
     12.17754211     34794.001      131.973
     12.17823655     34614.443      131.934
     12.17893100     34625.194      131.957
     12.17962544     34416.822      131.941
     12.18031988     34451.449      131.950
     12.18101433     34608.686      131.962
     12.18170877     34480.850      131.984
     12.18240322     34518.938      131.894
     12.18309766     34491.823      131.958
     12.18379211     34595.049      132.034
     12.18448655     34468.934      131.950
     12.18518100     34470.544      131.993
     12.18587544     34695.556      132.005
     12.18656988     34400.208      131.959
     12.18726433     34426.620      131.993
     12.18795877     34642.237      132.006
     12.18865322     34648.709      131.968
     12.18934766     34669.576      131.927
     12.19004211     34836.172      131.927
     12.19073655     34766.026      131.972
     12.19143100     34743.181      131.984
     12.19212544     34601.866      131.977
     12.19281988     34689.365      131.941
     12.19351433     34400.207      131.927
     12.19420877     34779.693      131.974
     12.19490322     34744.677      131.986
     12.19559766     34308.170      131.964
     12.19629211     34670.828      131.959
     12.19698655     34443.459      131.918
     12.19768100     34458.072      132.001
     12.19837544     34713.077      131.954
     12.19906988     34754.097      132.005
     12.19976433     34356.643      132.049
     12.20045877     34533.543      131.929
     12.20115322     34525.300      131.965
     12.20184766     34474.464      131.992
     12.20254211     34670.968      131.972
     12.20323655     34482.291      131.939
     12.20393100     34585.690      131.924
     12.20462544     34645.400      131.852
     12.20531988     34759.521      131.789
     12.20601433     34631.771      131.725
     12.20670877     34582.556      131.580
     12.20740322     34389.121      131.551
     12.20809766     34251.935      131.462
     12.20879211     34362.603      131.433
     12.20948655     34301.582      131.343
     12.21018100     34155.952      131.295
     12.21087544     34431.902      131.198
     12.21156988     33956.625      131.099
     12.21226433     34052.041      131.039
     12.21295877     34260.922      130.937
     12.21365322     34148.646      130.959
     12.21434766     34131.586      130.863
     12.21504211     33808.671      130.875
     12.21573655     34229.298      130.793
     12.21643100     34165.239      130.810
     12.21712544     33997.399      130.822
     12.21781988     33940.474      130.776
     12.21851433     34079.154      130.812
     12.21920877     33858.378      130.826
     12.21990322     33786.964      130.865
     12.22059766     34012.524      130.829
     12.22129211     33830.226      130.772
     12.22198655     34269.024      130.825
     12.22268100     33967.303      130.784
     12.22337544     33796.138      130.805
     12.22406988     34013.324      130.849
     12.22476433     34011.238      130.837
     12.22545877     34083.770      130.802
     12.22615322     34131.548      130.839
     12.22684766     33809.409      130.790
     12.22754211     34000.036      130.872
     12.22823655     34210.069      130.784
     12.22893100     33908.350      130.857
     12.22962544     34088.116      130.876
     12.23031988     34081.977      130.764
     12.23101433     33930.639      130.813
     12.23170877     33964.457      130.818
     12.23240322     34159.009      130.801
     12.23309766     33919.179      130.764
     12.23379211     34013.061      130.788
     12.23448655     33904.404      130.849
     12.23518100     33803.177      130.836
     12.23587544     34051.622      130.926
     12.23656988     33853.344      130.826
     12.23726433     33985.022      130.892
     12.23795877     33794.560      130.768
     12.23865322     34129.515      130.846
     12.23934766     33964.280      130.900
     12.24004211     34124.864      130.812
     12.24073655     34039.563      130.843
     12.24143100     34031.827      130.862
     12.24212544     33977.455      130.891
     12.24281988     34100.264      130.833
     12.24351433     33911.616      130.820
     12.24420877     33971.470      130.844
     12.24490322     33755.423      130.838
     12.24559766     33942.603      130.831
     12.24629211     34227.410      130.823
     12.24698655     34229.775      130.860
     12.24768100     34170.635      130.859
     12.24837544     34010.402      130.810
     12.24906988     34205.850      130.825
     12.24976433     34180.478      130.918
     12.25045877     33754.407      130.851
     12.25115322     34092.027      130.847
     12.25184766     34021.448      130.811
     12.25254211     33977.851      130.855
     12.25323655     34075.276      130.817
     12.25393100     34030.057      130.886
     12.25462544     34021.603      130.882
     12.25531988     34252.592      130.818
     12.25601433     33898.119      130.842
     12.25670877     34060.896      130.848
     12.25740322     34052.107      130.845
     12.25809766     33978.357      130.831
     12.25879211     34172.162      130.886
     12.25948655     34160.261      130.829
     12.26018100     33951.393      130.846
     12.26087544     34075.615      130.861
     12.26156988     33796.563      130.896
     12.26226433     33994.023      130.821
     12.26295877     34000.769      130.872
     12.26365322     34211.762      130.864
     12.26434766     34231.220      130.815
     12.26504211     34179.768      130.845
     12.26573655     34016.608      130.885
     12.26643100     34013.132      130.805
     12.26712544     33823.791      130.840
     12.26781988     34403.837      130.923
     12.26851433     34183.941      130.845
     12.26920877     34131.732      130.874
     12.26990322     34160.468      130.867
     12.27059766     33902.287      130.899
     12.27129211     34045.090      130.844
     12.27198655     33993.139      130.924
     12.27268100     33969.815      130.915
     12.27337544     34198.984      130.905
     12.27406988     33868.218      130.846
     12.27476433     34258.333      130.884
     12.27545877     34097.046      130.871
     12.27615322     34070.653      130.855
     12.27684766     34051.666      130.915
     12.27754211     33987.081      130.903
     12.27823655     34087.758      130.836
     12.27893100     33911.194      130.882
     12.27962544     33966.419      130.891
     12.28031988     33681.955      130.882
     12.28101433     34018.829      130.903
     12.28170877     33914.073      130.879
     12.28240322     33904.686      130.876
     12.28309766     34025.015      130.813
     12.28379211     34017.267      130.876
     12.28448655     34363.694      130.884
     12.28518100     34063.510      130.879
     12.28587544     33975.881      130.875
     12.28656988     34086.077      130.899
     12.28726433     34058.978      130.883
     12.28795877     34075.531      130.889
     12.28865322     34076.766      130.885
     12.28934766     34054.659      130.856
     12.29004211     34136.595      130.855
     12.29073655     34132.684      130.877
     12.29143100     33974.480      130.937
     12.29212544     34162.789      130.967
     12.29281988     34028.646      130.865
     12.29351433     34239.588      130.859
     12.29420877     33957.391      130.909
     12.29490322     33864.299      130.941
     12.29559766     33824.060      130.910
     12.29629211     34164.276      130.882
     12.29698655     34267.520      130.856
     12.29768100     34221.504      130.829
     12.29837544     34010.107      130.895
     12.29906988     34171.938      130.905
     12.29976433     34187.196      130.809
     12.30045877     34246.977      130.914
     12.30115322     33924.556      130.977
     12.30184766     34254.540      130.861
     12.30254211     34122.017      130.951
     12.30323655     34302.511      130.909
     12.30393100     33784.795      130.876
     12.30462544     34098.543      130.952
     12.30531988     34149.052      130.919
     12.30601433     34302.850      130.965
     12.30670877     34179.957      131.061
     12.30740322     34186.703      131.031
     12.30809766     34077.156      131.146
     12.30879211     34317.300      131.176
     12.30948655     34198.886      131.309
     12.31018100     34275.011      131.428
     12.31087544     34366.286      131.441
     12.31156988     34521.813      131.504
     12.31226433     34476.674      131.563
     12.31295877     34710.435      131.664
     12.31365322     34498.369      131.748
     12.31434766     34432.717      131.803
     12.31504211     34521.810      131.872
     12.31573655     34600.190      131.931
     12.31643100     34486.808      132.002
     12.31712544     34635.071      132.016
     12.31781988     34733.799      132.078
     12.31851433     34687.097      132.123
     12.31920877     34804.112      132.122
     12.31990322     34785.556      132.154
     12.32059766     34790.875      132.098
     12.32129211     34530.815      132.066
     12.32198655     34693.006      132.079
     12.32268100     34710.010      132.101
     12.32337544     34881.270      132.111
     12.32406988     34771.416      132.086
     12.32476433     35007.550      132.075
     12.32545877     34824.035      132.149
     12.32615322     34814.745      132.041
     12.32684766     34954.813      132.085
     12.32754211     34679.016      132.116
     12.32823655     34957.375      132.112
     12.32893100     34572.964      132.081
     12.32962544     35018.577      131.990
     12.33031988     34680.310      132.075
     12.33101433     34579.937      132.065
     12.33170877     34600.665      132.105
     12.33240322     34646.022      132.119
     12.33309766     34616.961      132.091
     12.33379211     34716.446      132.042
     12.33448655     34469.216      132.137
     12.33518100     34955.167      132.111
