                                                                                                                                                                                                                                                                                                                                                                                      124.8471 -85.1456     6.70
184.6921 -79.7261     2.27
191.8858 -77.5836     3.16
141.5479 -76.6264     3.78
 36.1779 -73.5128     4.10
 13.1583 -72.8003     0.06
 80.8942 -69.7561     0.05
313.0258 -69.2039     6.03
112.8304 -68.1861     4.57
277.1583 -66.9822     7.94
 49.5642 -66.4975     4.07
 50.2625 -66.3197     3.98
294.4067 -65.8119     7.30
213.2887 -65.3392     4.20
282.2412 -65.1733     8.70
283.9217 -64.8108     6.70
266.7763 -64.6403     2.44
340.4542 -64.4200     0.88
287.8462 -64.2192     8.30
286.7454 -63.9658     8.30
287.4413 -63.8578     8.30
288.0954 -63.8561     8.30
287.1833 -63.7314     8.30
220.4279 -62.7672     6.02
302.3825 -61.8506     9.80
 39.4375 -61.3411     4.99
245.2471 -60.4875     6.40
106.3213 -58.5206     4.90
 94.0383 -57.7653     6.00
 93.9771 -57.7264     6.05
 62.4658 -56.1183    19.40
 62.2254 -55.9922    19.20
 44.2100 -54.5731     5.55
324.1192 -54.5572     6.70
 73.5571 -53.3614     5.11
206.9904 -53.3511     3.60
358.0117 -52.5775     5.90
 50.0308 -52.1850     5.20
330.6746 -51.2953     1.97
231.5954 -51.1753     5.68
100.4029 -50.9661     0.10
 53.2992 -50.4106     6.05
194.0400 -50.1439     4.29
196.3587 -49.4711     3.80
218.7625 -49.4217     5.80
 44.5171 -49.3825     6.56
335.6254 -48.4050     7.80
225.2854 -48.2925     6.49
164.3758 -48.1789     5.25
203.4329 -48.1511     3.47
146.3533 -48.1414    14.90
224.6262 -47.6986     9.90
207.0383 -47.5650     3.66
207.8417 -47.0000     5.73
207.1933 -46.9969     3.98
197.6371 -46.9908     3.80
228.5563 -46.8125     3.09
195.8900 -46.5842     3.48
217.0154 -46.3017     3.58
335.2392 -46.0342     8.80
335.9292 -45.8822     8.80
206.5717 -45.6847     3.84
203.6971 -45.5475     3.60
201.8671 -45.3525     3.60
205.5233 -45.2050     3.58
 53.9867 -45.1914     7.98
200.4462 -45.0633     3.98
198.2883 -44.8900     3.82
220.8562 -44.7053     5.88
 27.7763 -44.4447     0.44
205.8992 -43.7692     3.63
 26.2650 -43.5981     4.43
198.2996 -43.2656     3.60
201.3704 -43.0167     3.75
191.0896 -42.9397     3.60
204.4121 -42.8475     3.40
 74.2446 -42.8039     7.20
200.5517 -42.7308     3.94
205.4087 -42.5819     3.93
348.7638 -42.5394     8.32
200.5075 -42.5356     3.87
206.2533 -41.8589     3.40
  6.6387 -41.8556     1.92
198.1875 -41.8319     4.21
201.9058 -41.4806     3.73
 23.7708 -41.4364     3.89
210.8396 -41.3764     4.81
 49.3275 -41.1081     8.80
 47.4075 -41.0306     9.80
345.6967 -40.8350    10.10
 99.8871 -40.7203     7.65
196.2621 -40.0828     5.78
 47.5438 -40.0031     8.80
204.3546 -39.8978     4.83
174.4725 -39.2206     6.08
  3.7854 -39.2203     2.13
197.8092 -38.9061     3.60
161.9246 -38.8542     6.50
183.4567 -38.2314     3.18
 17.0917 -38.2092     8.20
207.1413 -37.9675     5.75
354.0625 -37.9389     7.80
357.3475 -37.7736    11.50
 13.7229 -37.6825     2.15
351.7337 -37.3469     7.60
353.7671 -37.2206     7.80
160.8629 -37.0425     7.10
200.4908 -36.6297     3.40
206.5033 -36.3289     3.60
353.6146 -36.1017     7.80
207.3283 -36.0614     3.45
136.5000 -36.0600     7.93
191.1779 -35.9667     5.32
181.2363 -35.7431     4.88
209.2567 -35.3339     4.53
  2.0554 -34.5783     3.21
 39.9779 -34.5258     0.14
 91.8321 -34.2044     7.40
 92.5396 -34.1061     7.40
191.5017 -33.8381     5.45
 15.0392 -33.7092     0.09
200.7337 -33.5728     4.60
178.6792 -33.5581     5.22
217.5208 -33.4792     9.00
204.2525 -33.3631     4.37
143.1892 -33.2456     8.30
 91.4392 -33.0817     7.59
210.3425 -33.0644     8.10
173.2958 -32.9619     6.70
169.5671 -32.8117     6.70
359.4558 -32.5900     3.91
351.6146 -32.3906     2.18
  3.8808 -32.1800     1.92
355.9417 -31.9592     4.27
 76.6071 -31.9542     8.00
200.3850 -31.8864     4.60
300.9892 -31.6817     7.83
172.8967 -31.6722     6.70
204.9825 -31.6400     3.56
200.2842 -31.5297     5.22
201.1500 -30.9722     4.63
340.1829 -30.7997     2.00
283.7629 -30.4783     0.02
201.6850 -30.3625     4.97
206.6646 -29.9792     4.60
205.4042 -29.9139     4.53
204.2504 -29.8678     4.92
204.1479 -29.5708     4.68
204.1283 -29.2364     5.25
266.4167 -29.0078     0.01
205.0754 -28.8944     4.41
116.5687 -28.4697     3.00
193.7233 -28.3408     5.78
126.3037 -28.1403     7.40
  1.3825 -28.0981     7.70
204.3342 -28.0461     4.61
 67.4200 -27.4086     9.10
151.0167 -27.3319     1.32
197.4025 -27.1406     7.80
147.8500 -27.0111     8.10
150.9592 -26.6128    15.30
129.0633 -26.4094     7.96
132.2750 -26.3200     7.80
 96.5708 -26.2656     4.99
150.7800 -26.1600     1.32
 74.9925 -26.0267    10.00
 99.4858 -25.9997     4.23
 75.8321 -25.4231    10.00
 11.8929 -25.2922     3.94
144.8958 -25.1264     6.15
  2.4850 -24.9633     9.90
158.8467 -24.7542     7.00
  5.9654 -24.7050     4.21
111.3417 -24.4753     7.43
138.1221 -24.2411     9.80
138.0771 -24.2111     9.80
138.0808 -24.1717     9.82
137.9263 -23.9822     9.80
135.7629 -23.8083    19.00
125.2529 -23.7814    17.30
200.8746 -23.3931     4.60
137.2954 -23.3678     9.80
139.2417 -23.2797    10.30
  3.5162 -23.1822     9.20
 63.1713 -23.1589     7.40
137.4442 -23.0092     9.80
146.0838 -22.9161     6.05
  7.8438 -22.7658     9.90
140.3646 -22.5006    18.60
139.4704 -22.3553    10.30
 10.7658 -22.2503     4.92
106.7367 -22.0406     8.40
112.5346 -22.0169     7.20
120.3558 -21.9975     6.34
  3.8546 -21.4439     5.30
202.3375 -21.1792     6.50
199.7304 -21.0392     5.45
 12.4554 -21.0161     3.34
106.4375 -20.9917     7.23
 11.7846 -20.7600     3.65
 81.7738 -20.6781     5.07
140.7912 -20.1675     7.52
 12.6025 -19.9069     3.42
114.0942 -19.4944     7.35
194.9846 -19.4131     6.90
138.3004 -19.4086    21.90
179.7421 -19.0300     8.50
 54.8783 -18.6881    24.50
101.4696 -18.2103    10.00
 12.3379 -18.0744     3.40
101.7371 -17.9414    10.00
101.1137 -17.9325     9.90
292.4958 -17.6781     1.04
195.8200 -17.4231     7.30
195.5600 -17.2375     7.30
196.9858 -16.6892     7.90
  0.4921 -15.4611     0.97
 99.5004 -15.0228    10.80
296.2404 -14.8031     0.50
143.8400 -13.8144     7.30
311.7158 -12.8481     0.94
156.1179 -12.4325     5.11
190.0371 -12.3647     9.30
193.4896 -12.1086     8.00
190.3288 -11.9275     9.30
189.9792 -11.7467     9.30
190.0129 -11.6678     9.30
189.9963 -11.6231     9.30
192.2817 -11.4114     7.30
188.9142 -11.0672    10.00
  6.5458 -11.0444     0.78
194.6179 -10.5769     8.70
189.3088 -10.4975     7.70
189.6404 -10.4903     9.30
149.1567  -9.4864     5.18
149.9479  -9.3433     9.70
189.3996  -8.8672     9.10
 95.2283  -8.6503     8.50
 95.2321  -8.4956     8.50
150.4100  -8.2489     9.70
151.4233  -7.9814     9.70
 95.5575  -7.8378     8.40
196.4333  -7.7556     5.00
151.3933  -7.7492     9.70
151.3083  -7.7186     9.68
150.3900  -6.5250     9.70
148.7937  -6.2700     9.70
150.6508  -6.0119     9.70
193.3817  -5.9278    10.40
190.0538  -5.7992    10.10
192.1796  -5.2539     9.00
194.7067  -4.8886     6.50
152.7533  -4.6928     1.32
105.1221  -4.2083     1.67
 70.3675  -2.8581     9.29
166.3958  -1.8636    10.70
153.2625  -1.6144     0.09
166.5321  -1.4486    10.70
173.2375  -0.5333     0.16
188.2833  -0.5331     8.11
166.4525  -0.0358    10.70
145.1125   0.0425    10.00
166.1692   0.0583    10.70
188.1896   0.1150     9.70
166.4196   0.1208    10.70
155.4121   0.9000     6.78
187.7658   1.6758     9.60
159.8550   1.7186     7.00
 16.1992   2.1333     0.73
186.4221   2.1589    10.60
172.7900   2.2200     0.18
190.0958   3.1178     7.35
214.8117   3.1239     8.00
192.4458   3.8422     9.40
159.7421   3.8742    26.20
208.6400   4.2431     2.59
193.3100   4.4631     9.70
 81.2479   4.5050     7.14
189.3713   4.7514     7.20
160.0446   4.9089    20.90
 86.2583   5.0683     6.46
137.1525   5.2922     5.60
150.0004   5.3322     1.36
183.6467   5.6772     8.20
344.6292   5.9525     0.18
185.6604   6.0144     9.60
157.6846   6.1272     7.80
143.6871   6.4256    13.00
184.9754   6.6658     4.71
 85.4229   6.6817     5.15
190.0433   6.8469     8.10
162.2817   6.9172    22.30
189.2625   6.9267     9.80
147.0246   7.1292    14.90
 89.4029   7.4919     5.50
117.5904   7.7944     6.00
147.8217   7.8272     6.85
187.5042   7.9294     5.20
189.1458   8.0547     7.50
 97.5375   8.3769     3.55
191.5188   8.4764     9.80
158.9533   8.4797    10.40
189.4217   8.5592     8.50
187.1413   8.6397     4.60
146.1829   9.6153     9.40
183.9842   9.6492     9.40
163.4279   9.7281    10.40
114.0429   9.9864     6.10
191.5637  10.2033     7.40
151.8321  10.3622     5.60
163.2529  10.3792    10.40
159.5333  10.3808    10.40
108.4658  10.5219     7.41
163.0813  11.0433    10.40
162.4046  11.3517    10.40
158.7337  11.4922    10.40
161.0325  11.5331    10.40
160.9904  11.7036    10.05
166.1104  11.7550    10.40
161.6250  11.7558    10.40
161.6908  11.8197    10.42
161.2400  11.9161    10.40
194.1808  11.9311     6.49
164.5437  11.9992    10.40
164.0583  12.0103    10.40
160.9808  12.1353    10.40
160.6442  12.1506    10.40
152.1121  12.3081     0.25
161.6729  12.3264    10.40
160.5012  12.3350    10.40
163.9879  12.3389    10.40
191.1917  12.3514     6.80
162.6129  12.3608    10.40
157.7204  12.4467    10.43
160.2358  12.4719    10.40
161.9567  12.5817    11.12
162.0704  12.6292    11.38
159.9304  12.6344    10.40
168.6875  12.6475    11.00
159.0992  12.7075    10.40
159.9175  12.7350    10.40
161.7221  12.7444    10.40
161.7283  12.7881    10.40
247.7583  12.7917     0.15
168.6496  12.8186    10.80
209.5000  12.8333     0.04
162.8379  12.8492    10.40
170.9067  12.8958    10.30
161.7533  12.9597    10.40
161.5600  12.9600    10.40
170.6000  12.9794    10.30
170.0625  12.9914    10.28
161.7388  12.9983    10.40
169.2542  13.0997    10.30
189.1813  13.2594     7.60
162.5796  13.2719    11.07
162.7221  13.4122    10.40
162.5379  13.4836    10.40
170.8296  13.6297    10.30
160.7183  13.7411    10.40
189.9938  13.7814     8.20
165.2171  13.8808    10.40
165.0775  13.9011    12.08
159.9821  13.9078    10.40
161.1471  13.9397    10.40
161.9267  13.9856    10.91
161.6033  14.0250    10.40
161.8429  14.0703     7.73
162.8808  14.1147    10.40
164.7171  14.1294    10.40
165.1883  14.1722    10.40
194.6683  14.2175     2.13
169.8162  14.2903    10.42
182.5071  14.3669     7.70
119.2575  14.3908     7.73
183.9846  14.4331     9.10
298.0492  14.4733     7.13
210.0000  14.5000     0.07
137.2229  14.5819     9.55
163.0838  14.7072    10.40
352.1421  14.7467     0.76
186.4458  14.9519     7.90
185.3663  15.0244     9.40
163.0200  15.0306    10.40
194.1042  15.0858     6.00
159.2700  15.3375    10.40
  1.6433  15.5108     5.40
161.0087  15.5889    10.40
179.6683  15.5928     6.27
 25.9225  15.6897     7.87
 24.1721  15.7867     7.31
185.5317  15.7992     8.90
 24.9233  15.9031     7.38
 25.0400  15.9047     9.04
151.7633  16.0736     0.02
 59.2525  16.5244     5.83
115.6300  16.5611     8.02
 16.8429  16.6839     4.51
 22.1967  16.6881     7.30
115.4792  16.8006     8.05
143.7225  17.0514     0.42
156.2704  17.1636     7.90
 50.0988  17.2950     6.49
 51.0300  17.7542     6.40
196.1246  17.7589     4.40
155.4379  18.0881     2.00
 23.1762  18.3158     7.55
320.3792  19.1172     0.02
193.9187  19.2092     5.50
164.5092  19.5053     7.37
138.4125  19.6189     4.43
142.5538  19.9917     8.90
178.6863  20.0556    16.40
135.7250  20.0753     8.67
 34.8167  20.1753     0.03
183.8100  20.6586     8.00
170.7646  21.3269    10.00
143.2038  21.4650     8.90
143.0400  21.5006     8.87
139.8725  21.6033     9.08
194.1842  21.6847     4.37
142.6662  21.7236     8.90
192.9421  21.7353     5.50
 15.9792  21.8850     0.65
195.6746  21.9975     4.40
168.3717  22.1547     0.21
187.0225  22.2908     7.43
184.3917  22.5403    17.20
157.0871  22.5714    11.40
187.0121  22.5894     9.20
187.1838  22.8225     8.40
213.9854  23.0553     2.20
177.2383  23.8378    13.74
186.7458  23.9042     0.04
200.2700  24.1433     7.20
 31.0208  24.2078     7.20
357.9433  24.5861     0.82
204.8308  24.7758     4.27
160.8758  24.9236     6.85
140.7375  24.9467    10.40
203.1262  25.1236     6.80
 44.9267  25.2375     7.80
138.8575  25.4194    21.70
184.5646  25.5683    17.90
 45.1638  25.7822     7.80
192.9350  26.1106     9.20
193.6225  26.3050    15.30
190.0071  26.3219     9.20
 25.5700  26.3678     7.20
191.7308  26.5642    11.00
186.3246  26.7147    12.80
209.2808  26.7750     0.05
 26.6733  26.8014     7.20
186.4267  26.8100    19.50
157.2767  26.9106    21.50
181.2158  26.9925    15.00
155.9375  27.1108    13.50
193.5217  27.1486     4.04
 26.1779  27.2878     7.20
 25.2829  27.3239     6.52
 26.8754  27.3311     7.20
 26.9717  27.4336     7.20
179.6838  27.5850     5.57
158.0712  27.6686     7.98
 41.6621  27.7264     8.56
186.5975  27.7456    14.00
 33.5154  27.8772     9.73
132.8004  27.8800     6.10
 28.8358  27.9542     5.47
188.9904  27.9597     8.10
157.9825  28.0258     9.20
 21.9167  28.0903     0.79
181.3925  28.2322     6.74
185.4933  28.2428     6.30
178.8479  28.3400     7.45
192.6133  28.3528    20.40
162.9963  28.3625    10.00
181.3471  28.3656     6.69
191.1587  28.4725     9.90
186.3663  28.4825     6.15
184.6225  28.6458     9.00
149.1904  28.8250     9.80
 30.0413  28.8325     4.90
 30.3200  28.8436     4.97
185.8083  28.8939    24.40
166.2438  29.1394     8.02
151.1708  29.3664     7.11
145.0529  29.5914    19.80
 12.8958  29.6969     0.73
187.9942  29.7097     8.10
184.9112  29.8833    16.67
183.3446  29.9217    17.30
182.3237  29.9275     7.90
183.4517  29.9589     2.68
185.4871  30.0742    14.00
182.6400  30.4017    13.74
150.1521  30.5361     7.10
 23.4617  30.6603     0.85
354.5604  30.7092    12.20
149.8600  30.7464     0.81
359.7317  30.7556     0.73
181.3162  30.8556    12.70
182.2992  30.9067    16.80
338.1717  31.2161     0.65
180.0675  31.2250    23.20
181.6438  31.3425     7.43
147.5817  31.4567     7.10
147.5933  31.4875     7.11
178.9142  31.5194    16.60
188.2208  31.5392     4.85
159.1804  31.5467    10.90
181.9583  31.5522     7.37
192.2196  31.9703     5.40
126.2708  32.0175     8.15
188.2783  32.0917    10.10
190.9900  32.1703     5.40
146.2675  32.2383     6.56
 14.8742  32.3767     0.52
190.8525  32.4822     7.30
184.3833  32.5325     5.93
190.9358  32.5344     7.30
190.5333  32.5414     7.38
190.4988  32.5736     7.30
 27.3846  32.5925     4.94
191.7525  32.6514    23.40
162.8363  32.7664    12.02
189.6667  32.7667     3.61
 33.2325  32.8142     4.19
190.4471  32.8578     7.30
 12.6767  32.9164     0.63
180.7954  32.9561     7.55
 12.9625  33.0044     0.84
145.7492  33.2644     8.30
136.8954  33.2767    20.30
 97.6217  33.3019     7.01
184.4354  33.3453     4.70
188.3537  33.3514     6.90
133.1704  33.4172     7.73
 19.1242  33.4192     0.65
 36.7200  33.4269     9.30
 38.3258  33.4911     9.30
186.4575  33.5461     4.61
202.0146  33.5558     0.22
133.8417  33.5592     7.70
 36.8167  33.5781     9.29
189.2058  33.6133    11.70
 45.7746  33.6944     4.43
141.5392  33.7178    19.70
133.2113  33.7978     7.70
 11.5833  33.8014     0.73
185.7196  33.8286     7.78
 36.8333  33.9583     9.30
194.2917  34.3208     0.16
 11.8625  34.3747     0.83
191.1046  34.3864     9.10
160.6746  34.4489     8.11
194.7583  34.8603     7.30
  4.8838  35.0436     0.93
185.4792  35.0514     9.70
211.7946  35.0603     2.14
  1.8779  35.1322     0.80
188.5229  35.5183     9.80
192.3054  35.6125     4.74
 17.3621  35.7175     3.05
187.1625  35.7181     4.43
208.7029  35.8375     3.08
183.7625  35.9586     8.80
 36.2508  36.0378     9.30
164.1683  36.1411     9.20
183.0371  36.1694     2.94
183.7413  36.2189     2.86
164.4458  36.2608     9.20
183.9121  36.3275     2.94
148.7108  36.3339    15.40
159.0733  36.4253     8.10
182.4850  36.4353     4.83
191.7492  36.4764     5.40
163.0229  36.4767     9.20
  8.8908  36.4978     0.75
163.0729  36.5933     9.20
163.1296  36.6189     9.20
183.4358  36.6333     2.82
163.1700  36.6650     9.20
219.7725  36.8061     9.20
186.7713  37.1425     4.88
187.1188  37.2333     6.89
196.4554  37.6058     4.70
188.2000  37.6217    14.50
184.3746  37.8075     4.49
199.2704  37.9525     5.04
185.4292  37.9872     7.60
190.0087  38.0006     8.50
207.7129  38.0211     3.22
 11.4167  38.0372     0.73
188.2808  38.1161    10.00
 18.5779  38.1175     0.76
185.2287  38.4303     8.03
190.5629  38.5019     4.57
 38.2250  38.6806     9.30
356.3917  38.7178     2.45
 22.3408  38.7189     0.73
189.3388  38.7453     6.61
177.7208  38.8806     2.64
151.8446  38.9697    18.40
188.5025  39.0194     9.20
103.9167  39.0950     7.24
134.7512  39.2100    15.20
  0.0938  39.4956     8.47
 97.6200  39.5039    20.00
205.6358  39.6583     8.90
188.0017  39.8319     6.90
189.0938  40.0053    22.60
115.3575  40.1125     6.85
209.0421  40.3033    10.00
 38.4292  40.5281     9.80
198.2158  40.5431     8.33
 10.6254  40.5758     6.31
204.9742  40.7392     3.01
150.9892  40.7569    16.00
112.0717  40.7703     5.73
350.5275  40.8456     7.90
 10.6754  40.8664     0.49
  1.9333  40.8756     9.60
352.4946  40.9903     9.70
188.7992  41.0608     7.90
192.7229  41.1194     4.66
190.3867  41.1508     7.90
154.5925  41.1658    11.10
154.0650  41.1664    11.12
 10.6854  41.2692     0.77
190.4696  41.2739     7.90
351.1767  41.3481     7.90
154.5708  41.4244    11.12
190.9821  41.4569     6.09
198.8800  41.5014     8.90
187.6517  41.6436     5.80
 10.0938  41.6864     0.82
187.6300  41.7000     5.80
198.2446  41.7867     8.06
127.1188  41.8567    10.28
198.9554  42.0292     8.99
198.4154  42.0442     6.00
187.7875  42.0942     5.80
187.2179  42.1778     8.90
 35.6367  42.3467     9.77
358.6988  42.4708     0.86
157.1375  42.6689     7.55
188.1121  42.7042    11.20
187.5992  42.9014     6.56
 13.2200  43.2000     0.79
187.1842  43.2242     8.90
 40.5450  43.3553     9.30
184.8867  43.3864     8.23
  7.2667  43.4317     6.73
183.8892  43.4342    18.60
186.9242  43.4939     2.74
190.9892  43.6614     4.31
176.7967  43.6719     4.51
187.1871  43.9717     4.07
198.0496  44.0386     6.61
187.0467  44.0944     4.21
  9.2792  44.3222     0.74
192.3792  44.3592     7.84
107.3283  44.3800     7.24
199.3313  44.3967    10.00
107.5567  44.4569     7.87
216.1813  44.5258     2.74
204.1867  44.5992     7.74
225.2887  44.6981     7.40
 16.6404  44.8044     0.63
184.3688  44.8114     9.20
189.9121  44.8208     8.50
187.1908  44.8644     9.59
  0.5604  45.0889     1.36
110.6854  45.1083     8.55
174.0267  45.2853     3.03
  9.3629  45.3869     0.83
184.3758  45.6194     7.90
123.4954  45.7422    12.20
185.3125  45.8114     7.06
198.6192  45.9194     4.33
123.3113  45.9906    12.20
185.1808  46.2092     6.50
185.1587  46.2917     8.05
198.3450  46.3197     4.19
 19.6250  46.3661     0.60
182.4971  46.4572     7.24
197.0150  46.8281     4.55
185.2292  46.8292     7.80
  7.5371  46.8519     0.81
184.5462  46.9169     6.54
185.1692  47.0008     7.80
184.2921  47.0636     7.80
192.8054  47.0708     8.83
184.7879  47.0897     7.24
184.9033  47.0925     7.80
202.4696  47.2344     8.40
202.4946  47.2681     7.66
184.7396  47.3039     7.83
114.3688  47.4092    15.70
184.4579  47.4092     7.40
184.8908  47.4517     7.80
185.1254  47.4903     7.80
198.8779  47.4964     4.41
101.9788  47.5139    19.30
187.4708  47.5300     7.14
198.8338  47.5436     4.20
 17.5712  47.6281     0.81
180.7500  47.6542     7.49
185.9425  47.6589     7.80
184.7771  47.7308     7.80
145.0817  47.7772     7.88
 53.0296  47.7936     5.40
203.5121  47.9153     8.00
  5.9400  47.9161     0.76
  9.7417  48.3361     0.61
186.5667  48.4919     5.68
  8.2983  48.5078     0.76
123.1646  48.6125    12.42
205.5838  48.6825     7.44
123.6671  49.0617    12.40
173.3713  49.2381     3.89
 99.6600  49.2583    15.50
202.1300  49.6272     8.02
  9.1454  49.6467     0.68
203.1508  49.8303     8.00
124.8354  50.0097    12.40
150.1062  50.3792     7.97
351.6325  50.6756     0.79
120.4717  50.7372    12.40
162.3375  51.0500     0.04
139.8921  51.1092    20.60
192.0954  51.1647     5.80
116.8838  51.1914     7.10
116.7350  51.2961     6.98
183.8483  51.3500    12.90
 16.8854  51.4403     4.27
142.2067  51.5606    19.68
191.7350  51.6131     8.90
203.6779  51.6139     4.51
158.7200  51.9200     0.10
140.8208  51.9731     7.35
 23.7150  52.0917     3.73
184.1192  52.2272     4.21
183.9446  52.3875     4.59
172.4750  52.4039     9.00
181.0100  52.5886     4.31
139.0092  52.8400     1.36
186.7192  53.1053     5.35
168.3587  53.5950     9.90
211.2587  53.6631     7.20
208.6879  53.9047     7.21
190.9375  53.9589     7.45
209.3108  54.1008     8.32
210.8033  54.3506     7.38
243.4483  54.3711     1.86
211.3879  54.4608     7.70
173.9525  54.5228     4.90
208.7108  54.6472     7.41
202.6850  54.9100     2.69
179.3983  55.4586    10.30
167.8792  55.6739     9.90
177.5267  55.7833     9.00
 36.1458  56.0117     3.00
179.4758  56.6381     7.03
214.9512  56.7303     5.70
312.7904  56.8900     6.00
213.7892  57.0875     7.20
316.4708  57.2053     5.90
218.8525  57.2567     8.02
315.8508  57.2872     5.89
 36.8625  57.4878     3.00
260.0058  57.9094     0.08
186.5337  58.3225    10.50
202.4017  58.4178     4.66
312.1004  58.6183     5.89
 43.9317  58.8617     3.00
 44.2338  58.9117     2.80
 43.5354  59.0053     3.00
  5.1021  59.2917     0.66
 38.8983  59.3797     3.00
 40.4771  59.6031     2.80
 39.1479  59.6550     3.01
208.4233  60.0511     8.00
308.7129  60.1542     5.89
307.6333  60.3536     5.89
311.3367  60.4111     5.89
307.5638  60.4403     5.89
307.8858  60.8133     5.89
176.7463  61.3350     2.73
190.0012  61.6081     5.47
 78.5629  62.5808     3.15
132.8750  63.1300     0.03
150.0667  63.1850     3.91
 68.0012  63.6139     3.01
289.1742  63.9728     3.63
153.2017  64.1075     3.70
 67.7046  64.8481     3.06
162.4021  65.5306     7.45
114.2142  65.5994     3.18
158.6329  66.0117     3.85
183.5308  66.0922     5.42
128.5271  66.1792     3.56
151.2804  66.5550     3.50
149.7021  66.8497     4.04
113.5471  66.8861     3.19
 73.2788  67.0992     3.34
 59.9562  67.1253     2.96
151.6925  67.2011     3.87
227.2971  67.2144     0.06
235.4492  67.2542     7.30
146.2083  67.4756     3.77
147.5417  67.5067     3.48
156.6163  67.6567     3.72
196.6117  67.7042     4.57
151.7579  67.8275     3.70
 56.3025  67.8639     3.16
146.8150  67.9136     3.56
 56.7037  68.0958     3.28
151.1679  68.2556     3.78
141.3004  68.3831     8.24
152.0246  68.3992     3.75
157.0933  68.4161     4.02
149.2612  68.5917     3.60
149.8879  68.6569     3.60
150.1683  68.6603     3.60
150.9250  68.6933     3.82
155.2508  68.7000     3.70
149.3383  68.7153     3.60
150.8375  68.7339     3.82
153.7325  68.7575     4.57
146.2917  68.7650     3.40
148.4521  68.9692     4.02
 31.5329  69.0100     3.30
153.7788  69.0375     4.07
149.3850  69.0431     3.61
148.8896  69.0667     3.63
139.8275  69.2033     7.48
112.2275  69.2053     3.19
146.0938  69.2111     3.98
149.3708  69.2722     3.87
184.1804  69.4656     4.45
163.2379  69.5458     3.70
148.9746  69.6825     3.53
129.2625  69.7753     3.21
267.3650  70.1447     5.27
160.3200  70.1508     3.91
143.5154  70.2158     3.66
157.1654  70.2336     4.00
287.1762  70.2839     4.73
255.1054  70.2900    10.60
151.3775  70.3644     8.71
148.8067  70.4081     3.93
141.6163  70.5067     3.93
152.3954  70.5486     9.00
157.6458  70.6194     4.00
124.7667  70.7142     3.39
125.9833  71.0294     3.55
155.3550  71.1161     3.96
145.1346  71.1864     3.84
144.8162  71.3117     3.63
146.1433  71.4825     3.39
 68.2079  71.8811     3.45
 56.2358  72.0644     3.50
 66.3150  72.8058     3.93
 89.9217  73.4275     4.61
197.1425  78.9369     1.99
172.0025  78.9914     4.35
101.9408  80.1239     3.39
                                                                                                                                                                                                                                                                                                                                                                                                                                                                                                                                                                                                                                                                                                                                                                                                                                                                                                                                                                                                                                                                                                                                                                                                                                                                                                                                                                                                                                                                                                                                                                                                                                                                                                                                                                                                                                                                                                                                                                                                                                                                                                                                                                                                                                                                                                                                                                                                                                                                                                                                                         