RA ,DEC, BMAG, D
124.8471 ,-85.1456 ,15.13 ,    6.70
184.6921 ,-79.7261 ,13.65 ,    2.27
141.5479 ,-76.6264 ,13.20 ,    3.78
 13.1583 ,-72.8003 , 2.70 ,    0.06
 80.8942 ,-69.7561 , 0.91 ,    0.05
313.0258 ,-69.2039 ,11.68 ,    6.03
112.8304 ,-68.1861 ,13.98 ,    4.57
277.1583 ,-66.9822 ,12.51 ,    7.94
 49.5642 ,-66.4975 , 9.66 ,    4.07
294.4067 ,-65.8119 ,14.50 ,    7.30
213.2887 ,-65.3392 ,12.12 ,    4.20
282.2412 ,-65.1733 ,11.31 ,    8.70
266.7763 ,-64.6403 ,11.74 ,    2.44
287.4413 ,-63.8578 , 9.14 ,    8.30
302.3825 ,-61.8506 ,13.97 ,    9.80
 39.4375 ,-61.3411 ,13.34 ,    4.99
245.2471 ,-60.4875 ,12.23 ,    6.40
 62.4658 ,-56.1183 ,11.79 ,   19.40
 62.2254 ,-55.9922 ,14.98 ,   19.20
 44.2100 ,-54.5731 ,12.71 ,    5.55
324.1192 ,-54.5572 ,11.33 ,    6.70
 73.5571 ,-53.3614 ,12.77 ,    5.11
 50.0308 ,-52.1850 ,13.40 ,    5.20
330.6746 ,-51.2953 ,11.03 ,    1.97
 53.2992 ,-50.4106 ,13.20 ,    6.05
196.3587 ,-49.4711 , 9.28 ,    3.80
224.6262 ,-47.6986 ,12.90 ,    9.90
197.6371 ,-46.9908 ,13.29 ,    3.80
228.5563 ,-46.8125 ,11.70 ,    3.09
335.2392 ,-46.0342 ,11.30 ,    8.80
203.6971 ,-45.5475 ,11.71 ,    3.60
 26.2650 ,-43.5981 ,12.70 ,    4.43
204.4121 ,-42.8475 ,13.23 ,    3.40
201.9058 ,-41.4806 ,12.91 ,    3.73
 23.7708 ,-41.4364 ,11.59 ,    3.89
210.8396 ,-41.3764 ,12.20 ,    4.81
 49.3275 ,-41.1081 , 9.42 ,    8.80
 47.4075 ,-41.0306 ,13.06 ,    9.80
345.6967 ,-40.8350 ,12.53 ,   10.10
  3.7854 ,-39.2203 , 8.84 ,    2.13
161.9246 ,-38.8542 ,14.97 ,    6.50
354.0625 ,-37.9389 ,11.49 ,    7.80
 13.7229 ,-37.6825 , 8.95 ,    2.15
351.7337 ,-37.3469 ,14.69 ,    7.60
200.4908 ,-36.6297 ,10.28 ,    3.40
353.6146 ,-36.1017 ,11.00 ,    7.80
207.3283 ,-36.0614 ,11.00 ,    3.45
209.2567 ,-35.3339 ,15.11 ,    4.53
 91.8321 ,-34.2044 ,14.09 ,    7.40
 92.5396 ,-34.1061 ,12.14 ,    7.40
151.4233 , -7.9814 ,13.61 ,    9.70
 95.5575 , -7.8378 ,14.63 ,    8.40
150.6508 , -6.0119 ,14.67 ,    9.70
190.0538 , -5.7992 ,12.58 ,   10.10
192.1796 , -5.2539 ,13.70 ,    9.00
 70.3675 , -2.8581 ,11.47 ,    9.29
166.4525 , -0.0358 , 9.83 ,   10.70
188.1896 ,  0.1150 ,11.09 ,    9.70
187.7658 ,  1.6758 ,15.60 ,    9.60
159.8550 ,  1.7186 ,14.28 ,    7.00
190.0958 ,  3.1178 ,13.70 ,    7.35
193.3100 ,  4.4631 ,13.37 ,    9.70
 81.2479 ,  4.5050 ,13.95 ,    7.14
189.3713 ,  4.7514 ,15.86 ,    7.20
 86.2583 ,  5.0683 ,15.40 ,    6.46
143.6871 ,  6.4256 ,15.22 ,   13.00
 85.4229 ,  6.6817 ,16.10 ,    5.15
162.2817 ,  6.9172 ,14.40 ,   22.30
189.2625 ,  6.9267 ,14.39 ,    9.80
147.0246 ,  7.1292 ,16.50 ,   14.90
147.8217 ,  7.8272 ,14.62 ,    6.85
189.1458 ,  8.0547 ,14.80 ,    7.50
191.5188 ,  8.4764 ,15.30 ,    9.80
158.9533 ,  8.4797 ,17.30 ,   10.40
189.4217 ,  8.5592 ,14.89 ,    8.50
146.1829 ,  9.6153 ,14.98 ,    9.40
163.4279 ,  9.7281 ,15.00 ,   10.40
151.8321 , 10.3622 ,13.84 ,    5.60
159.5333 , 10.3808 ,14.40 ,   10.40
160.9904 , 11.7036 ,10.58 ,   10.05
161.6908 , 11.8197 ,10.11 ,   10.42
160.5012 , 12.3350 ,15.70 ,   10.40
191.1917 , 12.3514 ,14.00 ,    6.80
157.7204 , 12.4467 ,18.60 ,   10.43
160.2358 , 12.4719 ,15.50 ,   10.40
159.0992 , 12.7075 ,13.30 ,   10.40
168.6496 , 12.8186 ,11.85 ,   10.80
170.9067 , 12.8958 ,16.90 ,   10.30
170.0625 , 12.9914 , 9.65 ,   10.28
189.1813 , 13.2594 ,13.31 ,    7.60
170.8296 , 13.6297 ,15.70 ,   10.30
160.7183 , 13.7411 ,17.40 ,   10.40
 91.4392 ,-33.0817 ,13.67 ,    7.59
210.3425 ,-33.0644 ,12.78 ,    8.10
169.5671 ,-32.8117 ,10.18 ,    6.70
359.4558 ,-32.5900 , 9.72 ,    3.91
355.9417 ,-31.9592 ,13.60 ,    4.27
 76.6071 ,-31.9542 ,13.13 ,    8.00
204.9825 ,-31.6400 ,10.87 ,    3.56
205.4042 ,-29.9139 ,12.60 ,    4.53
204.2504 ,-29.8678 , 8.20 ,    4.92
266.4167 ,-29.0078 ,-4.60 ,    0.01
126.3037 ,-28.1403 ,15.22 ,    7.40
  1.3825 ,-28.0981 ,15.15 ,    7.70
147.8500 ,-27.0111 ,13.64 ,    8.10
129.0633 ,-26.4094 ,12.45 ,    7.96
132.2750 ,-26.3200 ,14.83 ,    7.80
150.7800 ,-26.1600 ,10.39 ,    1.32
 74.9925 ,-26.0267 ,11.71 ,   10.00
 75.8321 ,-25.4231 ,14.37 ,   10.00
 11.8929 ,-25.2922 , 7.92 ,    3.94
  2.4850 ,-24.9633 ,12.38 ,    9.90
158.8467 ,-24.7542 ,13.20 ,    7.00
111.3417 ,-24.4753 ,16.90 ,    7.43
135.7629 ,-23.8083 ,16.36 ,   19.00
  3.5162 ,-23.1822 ,11.55 ,    9.20
 63.1713 ,-23.1589 ,14.06 ,    7.40
146.0838 ,-22.9161 ,16.83 ,    6.05
140.3646 ,-22.5006 ,14.80 ,   18.60
139.4704 ,-22.3553 ,11.01 ,   10.30
106.7367 ,-22.0406 ,14.43 ,    8.40
112.5346 ,-22.0169 ,19.00 ,    7.20
202.3375 ,-21.1792 ,15.33 ,    6.50
199.7304 ,-21.0392 ,10.52 ,    5.45
106.4375 ,-20.9917 , 0.00 ,    7.23
 11.7846 ,-20.7600 , 9.86 ,    3.65
 81.7738 ,-20.6781 ,14.60 ,    5.07
114.0942 ,-19.4944 ,18.40 ,    7.35
138.3004 ,-19.4086 ,15.40 ,   21.90
179.7421 ,-19.0300 ,14.27 ,    8.50
101.4696 ,-18.2103 ,12.93 ,   10.00
101.7371 ,-17.9414 ,16.40 ,   10.00
101.1137 ,-17.9325 ,15.17 ,    9.90
195.8200 ,-17.4231 ,13.50 ,    7.30
196.9858 ,-16.6892 ,14.79 ,    7.90
  0.4921 ,-15.4611 ,11.03 ,    0.97
 99.5004 ,-15.0228 ,13.70 ,   10.80
143.8400 ,-13.8144 ,16.60 ,    7.30
193.4896 ,-12.1086 ,14.59 ,    8.00
189.9963 ,-11.6231 , 8.98 ,    9.30
192.2817 ,-11.4114 ,12.63 ,    7.30
194.6179 ,-10.5769 ,14.70 ,    8.70
149.1567 , -9.4864 ,15.89 ,    5.18
 95.2321 , -8.4956 ,14.10 ,    8.50
151.8446 , 38.9697 ,15.61 ,   18.40
188.5025 , 39.0194 ,15.25 ,    9.20
103.9167 , 39.0950 ,16.18 ,    7.24
134.7512 , 39.2100 ,15.00 ,   15.20
 97.6200 , 39.5039 ,15.20 ,   20.00
188.0017 , 39.8319 ,14.50 ,    6.90
189.0938 , 40.0053 ,14.60 ,   22.60
 38.4292 , 40.5281 ,13.68 ,    9.80
198.2158 , 40.5431 ,14.93 ,    8.33
150.9892 , 40.7569 ,13.97 ,   16.00
350.5275 , 40.8456 ,11.61 ,    7.90
352.4946 , 40.9903 ,12.84 ,    9.70
188.7992 , 41.0608 ,16.50 ,    7.90
192.7229 , 41.1194 , 8.70 ,    4.66
190.3867 , 41.1508 ,11.31 ,    7.90
154.0650 , 41.1664 ,15.40 ,   11.12
 10.6854 , 41.2692 , 4.29 ,    0.77
190.4696 , 41.2739 ,13.03 ,    7.90
351.1767 , 41.3481 ,14.11 ,    7.90
154.5708 , 41.4244 ,10.36 ,   11.12
187.6517 , 41.6436 , 9.76 ,    5.80
187.6300 , 41.7000 ,12.32 ,    5.80
198.9554 , 42.0292 , 9.32 ,    8.99
 35.6367 , 42.3467 ,10.71 ,    9.77
188.1121 , 42.7042 ,13.13 ,   11.20
187.5992 , 42.9014 ,15.80 ,    6.56
187.1842 , 43.2242 ,13.67 ,    8.90
183.8892 , 43.4342 ,14.90 ,   18.60
186.9242 , 43.4939 ,12.95 ,    2.74
198.0496 , 44.0386 ,12.85 ,    6.61
187.0467 , 44.0944 , 9.99 ,    4.21
192.3792 , 44.3592 ,17.10 ,    7.84
107.5567 , 44.4569 ,13.48 ,    7.87
216.1813 , 44.5258 ,13.10 ,    2.74
225.2887 , 44.6981 ,14.35 ,    7.40
187.1908 , 44.8644 ,12.26 ,    9.59
174.0267 , 45.2853 ,14.38 ,    3.03
184.3758 , 45.6194 ,11.59 ,    7.90
123.4954 , 45.7422 ,13.07 ,   12.20
185.3125 , 45.8114 ,13.55 ,    7.06
123.3113 , 45.9906 ,12.27 ,   12.20
185.1587 , 46.2917 ,13.30 ,    8.05
182.4971 , 46.4572 ,12.05 ,    7.24
184.5462 , 46.9169 ,16.83 ,    6.54
202.4696 , 47.2344 , 8.61 ,    8.40
202.4946 , 47.2681 ,10.45 ,    7.66
184.7396 , 47.3039 , 9.10 ,    7.83
184.4579 , 47.4092 ,13.14 ,    7.40
187.4708 , 47.5300 ,14.13 ,    7.14
145.0817 , 47.7772 ,17.00 ,    7.88
 53.0296 , 47.7936 ,15.00 ,    5.40
203.5121 , 47.9153 ,14.33 ,    8.00
123.1646 , 48.6125 ,17.10 ,   12.42
205.5838 , 48.6825 ,16.30 ,    7.44
123.6671 , 49.0617 ,12.26 ,   12.40
267.3650 , 70.1447 ,10.86 ,    5.27
287.1762 , 70.2839 ,15.60 ,    4.73
157.6458 , 70.6194 ,13.49 ,    4.00
124.7667 , 70.7142 ,11.10 ,    3.39
 68.2079 , 71.8811 ,12.11 ,    3.45
197.1425 , 78.9369 ,14.75 ,    1.99
165.0775 , 13.9011 ,11.12 ,   12.08
161.8429 , 14.0703 ,14.40 ,    7.73
169.8162 , 14.2903 ,17.40 ,   10.42
183.9846 , 14.4331 ,15.01 ,    9.10
298.0492 , 14.4733 ,16.90 ,    7.13
186.4458 , 14.9519 ,15.50 ,    7.90
159.2700 , 15.3375 ,16.40 ,   10.40
 24.1721 , 15.7867 , 9.79 ,    7.31
 16.8429 , 16.6839 ,14.22 ,    4.51
 22.1967 , 16.6881 ,14.81 ,    7.30
115.4792 , 16.8006 ,13.62 ,    8.05
156.2704 , 17.1636 ,11.73 ,    7.90
 51.0300 , 17.7542 ,14.64 ,    6.40
 23.1762 , 18.3158 ,14.48 ,    7.55
164.5092 , 19.5053 ,15.60 ,    7.37
183.8100 , 20.6586 ,12.90 ,    8.00
143.0400 , 21.5006 , 9.53 ,    8.87
194.1842 , 21.6847 , 9.30 ,    4.37
184.3917 , 22.5403 ,14.09 ,   17.20
157.0871 , 22.5714 ,14.65 ,   11.40
187.0121 , 22.5894 ,16.19 ,    9.20
187.1838 , 22.8225 ,12.93 ,    8.40
 31.0208 , 24.2078 ,14.51 ,    7.20
160.8758 , 24.9236 ,10.45 ,    6.85
203.1262 , 25.1236 ,16.60 ,    6.80
 44.9267 , 25.2375 ,12.32 ,    7.80
138.8575 , 25.4194 ,18.60 ,   21.70
191.7308 , 26.5642 ,15.25 ,   11.00
186.3246 , 26.7147 ,15.41 ,   12.80
157.2767 , 26.9106 ,19.10 ,   21.50
181.2158 , 26.9925 ,13.70 ,   15.00
155.9375 , 27.1108 ,16.60 ,   13.50
 26.8754 , 27.3311 ,12.07 ,    7.20
 26.9717 , 27.4336 ,11.31 ,    7.20
158.0712 , 27.6686 ,13.21 ,    7.98
 41.6621 , 27.7264 ,17.08 ,    8.56
186.5975 , 27.7456 ,16.40 ,   14.00
 33.5154 , 27.8772 ,13.30 ,    9.73
132.8004 , 27.8800 ,17.20 ,    6.10
188.9904 , 27.9597 ,10.28 ,    8.10
181.3925 , 28.2322 ,16.70 ,    6.74
178.8479 , 28.3400 ,16.35 ,    7.45
192.6133 , 28.3528 ,16.20 ,   20.40
181.3471 , 28.3656 ,15.20 ,    6.69
191.1587 , 28.4725 ,14.82 ,    9.90
124.8354 , 50.0097 ,12.69 ,   12.40
150.1062 , 50.3792 ,17.10 ,    7.97
120.4717 , 50.7372 ,12.23 ,   12.40
139.8921 , 51.1092 ,15.17 ,   20.60
116.8838 , 51.1914 ,14.80 ,    7.10
183.8483 , 51.3500 ,14.79 ,   12.90
142.2067 , 51.5606 ,16.00 ,   19.68
191.7350 , 51.6131 ,14.60 ,    8.90
140.8208 , 51.9731 ,16.20 ,    7.35
181.0100 , 52.5886 ,13.19 ,    4.31
139.0092 , 52.8400 ,13.80 ,    1.36
186.7192 , 53.1053 ,16.10 ,    5.35
168.3587 , 53.5950 ,15.60 ,    9.90
211.2587 , 53.6631 ,11.48 ,    7.20
208.6879 , 53.9047 ,13.76 ,    7.21
210.8033 , 54.3506 , 8.31 ,    7.38
211.3879 , 54.4608 ,14.19 ,    7.70
173.9525 , 54.5228 ,11.87 ,    4.90
167.8792 , 55.6739 ,10.69 ,    9.90
214.9512 , 56.7303 ,11.20 ,    5.70
312.7904 , 56.8900 ,15.40 ,    6.00
218.8525 , 57.2567 ,14.52 ,    8.02
315.8508 , 57.2872 ,15.70 ,    5.89
186.5337 , 58.3225 ,14.50 ,   10.50
202.4017 , 58.4178 ,11.73 ,    4.66
 44.2338 , 58.9117 ,15.01 ,    2.80
 40.4771 , 59.6031 ,14.77 ,    2.80
308.7129 , 60.1542 , 9.61 ,    5.89
190.0012 , 61.6081 ,10.89 ,    5.47
 78.5629 , 62.5808 ,12.14 ,    3.15
289.1742 , 63.9728 ,13.76 ,    3.63
153.2017 , 64.1075 ,15.60 ,    3.70
 67.7046 , 64.8481 ,11.79 ,    3.06
114.2142 , 65.5994 , 8.80 ,    3.18
149.7021 , 66.8497 ,16.00 ,    4.04
 59.9562 , 67.1253 ,13.50 ,    2.96
196.6117 , 67.7042 ,13.31 ,    4.57
146.8150 , 67.9136 ,11.01 ,    3.56
 56.7037 , 68.0958 , 9.37 ,    3.28
141.3004 , 68.3831 ,15.00 ,    8.24
157.0933 , 68.4161 ,10.80 ,    4.02
150.8375 , 68.7339 ,10.62 ,    3.82
148.8896 , 69.0667 , 7.79 ,    3.63
139.8275 , 69.2033 ,11.82 ,    7.48
184.1804 , 69.4656 ,10.05 ,    4.45
148.9746 , 69.6825 , 9.06 ,    3.53
 30.3200 , 28.8436 ,12.22 ,    4.97
185.8083 , 28.8939 ,15.25 ,   24.40
166.2438 , 29.1394 ,15.61 ,    8.02
151.1708 , 29.3664 ,14.89 ,    7.11
183.3446 , 29.9217 ,15.60 ,   17.30
182.3237 , 29.9275 ,11.69 ,    7.90
 23.4617 , 30.6603 , 6.27 ,    0.85
354.5604 , 30.7092 ,14.81 ,   12.20
181.3162 , 30.8556 ,15.02 ,   12.70
182.2992 , 30.9067 ,16.80 ,   16.80
180.0675 , 31.2250 ,15.05 ,   23.20
181.6438 , 31.3425 ,15.80 ,    7.43
178.9142 , 31.5194 ,14.84 ,   16.60
181.9583 , 31.5522 ,17.50 ,    7.37
188.2783 , 32.0917 ,14.10 ,   10.10
190.9900 , 32.1703 ,10.96 ,    5.40
184.3833 , 32.5325 ,18.20 ,    5.93
190.5333 , 32.5414 , 9.75 ,    7.38
 27.3846 , 32.5925 ,12.87 ,    4.94
191.7525 , 32.6514 ,16.80 ,   23.40
162.8363 , 32.7664 ,13.23 ,   12.02
180.7954 , 32.9561 ,16.70 ,    7.55
136.8954 , 33.2767 ,14.60 ,   20.30
133.1704 , 33.4172 ,10.34 ,    7.73
 38.3258 , 33.4911 ,13.96 ,    9.30
186.4575 , 33.5461 ,10.64 ,    4.61
 36.8167 , 33.5781 ,10.58 ,    9.29
141.5392 , 33.7178 ,17.80 ,   19.70
160.6746 , 34.4489 ,13.73 ,    8.11
194.7583 , 34.8603 ,12.90 ,    7.30
188.5229 , 35.5183 ,13.20 ,    9.80
183.7625 , 35.9586 ,14.36 ,    8.80
183.0371 , 36.1694 ,13.63 ,    2.94
183.9121 , 36.3275 ,10.24 ,    2.94
159.0733 , 36.4253 ,17.00 ,    8.10
182.4850 , 36.4353 ,15.50 ,    4.83
163.1296 , 36.6189 ,11.67 ,    9.20
183.4358 , 36.6333 ,13.50 ,    2.82
219.7725 , 36.8061 ,16.41 ,    9.20
196.4554 , 37.6058 ,12.02 ,    4.70
188.2000 , 37.6217 ,13.30 ,   14.50
184.3746 , 37.8075 ,10.88 ,    4.49
199.2704 , 37.9525 ,15.60 ,    5.04
185.2287 , 38.4303 ,15.40 ,    8.03
191.8858 ,-77.5836 ,18.00 ,    3.16
 50.2625 ,-66.3197 ,16.50 ,    3.98
283.9217 ,-64.8108 ,15.63 ,    6.70
287.8462 ,-64.2192 ,14.96 ,    8.30
286.7454 ,-63.9658 ,17.70 ,    8.30
288.0954 ,-63.8561 ,17.90 ,    8.30
287.1833 ,-63.7314 ,15.10 ,    8.30
220.4279 ,-62.7672 ,20.50 ,    6.02
106.3213 ,-58.5206 ,14.95 ,    4.90
 94.0383 ,-57.7653 ,17.01 ,    6.00
 93.9771 ,-57.7264 ,15.27 ,    6.05
206.9904 ,-53.3511 ,14.20 ,    3.60
358.0117 ,-52.5775 ,15.05 ,    5.90
231.5954 ,-51.1753 ,19.50 ,    5.68
218.7625 ,-49.4217 ,16.33 ,    5.80
 44.5171 ,-49.3825 ,16.44 ,    6.56
335.6254 ,-48.4050 ,14.70 ,    7.80
225.2854 ,-48.2925 ,13.82 ,    6.49
164.3758 ,-48.1789 ,16.03 ,    5.25
146.3533 ,-48.1414 ,16.90 ,   14.90
207.8417 ,-47.0000 ,17.50 ,    5.73
207.1933 ,-46.9969 ,17.30 ,    3.98
195.8900 ,-46.5842 ,16.29 ,    3.48
217.0154 ,-46.3017 ,15.20 ,    3.58
335.9292 ,-45.8822 ,16.37 ,    8.80
201.8671 ,-45.3525 ,17.70 ,    3.60
 53.9867 ,-45.1914 ,16.13 ,    7.98
200.4462 ,-45.0633 ,16.14 ,    3.98
220.8562 ,-44.7053 ,14.79 ,    5.88
 27.7763 ,-44.4447 ,13.72 ,    0.44
191.0896 ,-42.9397 ,17.30 ,    3.60
 74.2446 ,-42.8039 ,14.46 ,    7.20
206.2533 ,-41.8589 ,14.02 ,    3.40
  6.6387 ,-41.8556 ,15.53 ,    1.92
 99.8871 ,-40.7203 ,16.05 ,    7.65
196.2621 ,-40.0828 ,16.33 ,    5.78
 47.5438 ,-40.0031 ,15.57 ,    8.80
204.3546 ,-39.8978 ,16.50 ,    4.83
174.4725 ,-39.2206 ,15.85 ,    6.08
183.4567 ,-38.2314 ,15.21 ,    3.18
 17.0917 ,-38.2092 ,16.26 ,    8.20
207.1413 ,-37.9675 ,17.60 ,    5.75
357.3475 ,-37.7736 ,14.81 ,   11.50
353.7671 ,-37.2206 ,16.64 ,    7.80
160.8629 ,-37.0425 ,15.53 ,    7.10
136.5000 ,-36.0600 ,17.40 ,    7.93
191.1779 ,-35.9667 ,15.72 ,    5.32
181.2363 ,-35.7431 ,16.58 ,    4.88
  2.0554 ,-34.5783 ,15.71 ,    3.21
191.5017 ,-33.8381 ,14.44 ,    5.45
150.3900 , -6.5250 ,16.10 ,    9.70
148.7937 , -6.2700 ,15.14 ,    9.70
193.3817 , -5.9278 ,17.00 ,   10.40
194.7067 , -4.8886 ,15.26 ,    6.50
152.7533 , -4.6928 ,11.86 ,    1.32
105.1221 , -4.2083 ,18.00 ,    1.67
166.3958 , -1.8636 ,16.45 ,   10.70
166.5321 , -1.4486 ,18.20 ,   10.70
188.2833 , -0.5331 ,16.40 ,    8.11
145.1125 ,  0.0425 ,17.20 ,   10.00
166.1692 ,  0.0583 ,17.51 ,   10.70
155.4121 ,  0.9000 ,17.50 ,    6.78
 16.1992 ,  2.1333 , 9.88 ,    0.73
186.4221 ,  2.1589 ,15.20 ,   10.60
192.4458 ,  3.8422 ,16.20 ,    9.40
159.7421 ,  3.8742 ,19.70 ,   26.20
208.6400 ,  4.2431 ,16.88 ,    2.59
160.0446 ,  4.9089 ,20.00 ,   20.90
137.1525 ,  5.2922 ,17.05 ,    5.60
150.0004 ,  5.3322 ,11.85 ,    1.36
183.6467 ,  5.6772 ,16.16 ,    8.20
185.6604 ,  6.0144 ,15.86 ,    9.60
157.6846 ,  6.1272 ,16.80 ,    7.80
184.9754 ,  6.6658 ,16.67 ,    4.71
190.0433 ,  6.8469 ,16.40 ,    8.10
 89.4029 ,  7.4919 ,18.40 ,    5.50
117.5904 ,  7.7944 ,18.00 ,    6.00
187.5042 ,  7.9294 ,14.90 ,    5.20
 97.5375 ,  8.3769 , 0.00 ,    3.55
187.1413 ,  8.6397 ,14.90 ,    4.60
183.9842 ,  9.6492 ,16.67 ,    9.40
114.0429 ,  9.9864 ,17.90 ,    6.10
191.5637 , 10.2033 ,15.80 ,    7.40
163.2529 , 10.3792 ,18.30 ,   10.40
108.4658 , 10.5219 ,14.07 ,    7.41
162.4046 , 11.3517 ,18.00 ,   10.40
158.7337 , 11.4922 ,17.50 ,   10.40
161.0325 , 11.5331 ,18.50 ,   10.40
166.1104 , 11.7550 ,16.20 ,   10.40
161.2400 , 11.9161 ,17.43 ,   10.40
194.1808 , 11.9311 ,15.97 ,    6.49
164.0583 , 12.0103 ,16.90 ,   10.40
160.9808 , 12.1353 ,19.20 ,   10.40
163.9879 , 12.3389 ,18.40 ,   10.40
159.9304 , 12.6344 ,16.77 ,   10.40
168.6875 , 12.6475 ,16.70 ,   11.00
159.9175 , 12.7350 ,18.70 ,   10.40
161.7221 , 12.7444 ,18.90 ,   10.40
161.7533 , 12.9597 ,18.60 ,   10.40
161.7388 , 12.9983 ,17.50 ,   10.40
169.2542 , 13.0997 ,16.15 ,   10.30
162.5379 , 13.4836 ,19.10 ,   10.40
178.6792 ,-33.5581 ,16.60 ,    5.22
217.5208 ,-33.4792 ,18.43 ,    9.00
204.2525 ,-33.3631 ,17.30 ,    4.37
143.1892 ,-33.2456 ,16.40 ,    8.30
173.2958 ,-32.9619 ,16.27 ,    6.70
351.6146 ,-32.3906 ,13.89 ,    2.18
  3.8808 ,-32.1800 ,14.90 ,    1.92
200.3850 ,-31.8864 ,18.13 ,    4.60
300.9892 ,-31.6817 ,17.06 ,    7.83
172.8967 ,-31.6722 ,17.00 ,    6.70
200.2842 ,-31.5297 ,17.10 ,    5.22
201.1500 ,-30.9722 ,16.67 ,    4.63
201.6850 ,-30.3625 ,14.41 ,    4.97
204.1283 ,-29.2364 ,15.49 ,    5.25
205.0754 ,-28.8944 ,14.56 ,    4.41
116.5687 ,-28.4697 ,17.50 ,    3.00
193.7233 ,-28.3408 ,17.01 ,    5.78
204.3342 ,-28.0461 ,15.06 ,    4.61
 67.4200 ,-27.4086 ,14.45 ,    9.10
151.0167 ,-27.3319 ,16.19 ,    1.32
197.4025 ,-27.1406 ,15.09 ,    7.80
150.9592 ,-26.6128 ,15.68 ,   15.30
 96.5708 ,-26.2656 ,15.70 ,    4.99
 99.4858 ,-25.9997 ,14.01 ,    4.23
144.8958 ,-25.1264 ,15.50 ,    6.15
125.2529 ,-23.7814 ,16.06 ,   17.30
139.2417 ,-23.2797 ,15.84 ,   10.30
137.4442 ,-23.0092 ,15.63 ,    9.80
  7.8438 ,-22.7658 ,16.38 ,    9.90
 10.7658 ,-22.2503 ,14.90 ,    4.92
120.3558 ,-21.9975 ,17.20 ,    6.34
 12.4554 ,-21.0161 ,15.30 ,    3.34
140.7912 ,-20.1675 ,15.53 ,    7.52
 12.6025 ,-19.9069 ,16.44 ,    3.42
194.9846 ,-19.4131 ,16.50 ,    6.90
 12.3379 ,-18.0744 ,16.37 ,    3.40
292.4958 ,-17.6781 ,14.12 ,    1.04
195.5600 ,-17.2375 ,15.08 ,    7.30
296.2404 ,-14.8031 , 9.31 ,    0.50
311.7158 ,-12.8481 ,14.00 ,    0.94
156.1179 ,-12.4325 ,16.79 ,    5.11
188.9142 ,-11.0672 ,15.70 ,   10.00
189.3088 ,-10.4975 ,16.54 ,    7.70
189.3996 , -8.8672 ,16.30 ,    9.10
 95.2283 , -8.6503 ,16.90 ,    8.50
150.4100 , -8.2489 ,15.41 ,    9.70
177.7208 , 38.8806 ,13.70 ,    2.64
  0.0938 , 39.4956 ,16.80 ,    8.47
205.6358 , 39.6583 ,15.69 ,    8.90
115.3575 , 40.1125 ,14.40 ,    6.85
 10.6254 , 40.5758 ,17.18 ,    6.31
204.9742 , 40.7392 ,14.22 ,    3.01
112.0717 , 40.7703 ,15.12 ,    5.73
  1.9333 , 40.8756 ,15.50 ,    9.60
190.9821 , 41.4569 ,17.20 ,    6.09
198.8800 , 41.5014 ,18.70 ,    8.90
198.2446 , 41.7867 ,16.40 ,    8.06
127.1188 , 41.8567 ,15.27 ,   10.28
198.4154 , 42.0442 ,18.20 ,    6.00
187.7875 , 42.0942 ,17.80 ,    5.80
187.2179 , 42.1778 ,15.01 ,    8.90
157.1375 , 42.6689 ,17.40 ,    7.55
 40.5450 , 43.3553 ,14.60 ,    9.30
184.8867 , 43.3864 ,17.70 ,    8.23
  7.2667 , 43.4317 ,15.64 ,    6.73
190.9892 , 43.6614 ,17.43 ,    4.31
176.7967 , 43.6719 ,18.10 ,    4.51
187.1871 , 43.9717 ,14.20 ,    4.07
107.3283 , 44.3800 ,15.41 ,    7.24
199.3313 , 44.3967 ,17.60 ,   10.00
204.1867 , 44.5992 ,15.90 ,    7.74
184.3688 , 44.8114 ,15.40 ,    9.20
189.9121 , 44.8208 ,15.96 ,    8.50
110.6854 , 45.1083 ,15.96 ,    8.55
198.6192 , 45.9194 ,12.97 ,    4.33
198.3450 , 46.3197 ,15.45 ,    4.19
197.0150 , 46.8281 ,16.03 ,    4.55
184.2921 , 47.0636 ,18.50 ,    7.80
192.8054 , 47.0708 ,17.50 ,    8.83
184.7879 , 47.0897 ,15.75 ,    7.24
114.3688 , 47.4092 ,18.06 ,   15.70
198.8779 , 47.4964 ,14.46 ,    4.41
101.9788 , 47.5139 ,17.40 ,   19.30
198.8338 , 47.5436 ,18.00 ,    4.20
180.7500 , 47.6542 ,17.20 ,    7.49
186.5667 , 48.4919 ,15.14 ,    5.68
173.3713 , 49.2381 ,14.44 ,    3.89
 99.6600 , 49.2583 ,16.70 ,   15.50
202.1300 , 49.6272 ,17.30 ,    8.02
160.3200 , 70.1508 ,19.60 ,    3.91
157.1654 , 70.2336 ,16.20 ,    4.00
255.1054 , 70.2900 ,16.80 ,   10.60
151.3775 , 70.3644 ,14.42 ,    8.71
141.6163 , 70.5067 ,19.00 ,    3.93
125.9833 , 71.0294 ,16.35 ,    3.55
155.3550 , 71.1161 ,17.30 ,    3.96
145.1346 , 71.1864 ,13.64 ,    3.84
144.8162 , 71.3117 ,19.60 ,    3.63
 56.2358 , 72.0644 ,18.00 ,    3.50
 66.3150 , 72.8058 ,14.84 ,    3.93
 89.9217 , 73.4275 ,17.10 ,    4.61
172.0025 , 78.9914 ,14.27 ,    4.35
101.9408 , 80.1239 ,16.40 ,    3.39
189.9938 , 13.7814 ,16.36 ,    8.20
159.9821 , 13.9078 ,18.30 ,   10.40
162.8808 , 14.1147 ,18.00 ,   10.40
164.7171 , 14.1294 ,17.30 ,   10.40
165.1883 , 14.1722 ,18.60 ,   10.40
194.6683 , 14.2175 ,14.79 ,    2.13
182.5071 , 14.3669 ,15.35 ,    7.70
119.2575 , 14.3908 ,15.23 ,    7.73
137.2229 , 14.5819 ,17.50 ,    9.55
352.1421 , 14.7467 ,13.21 ,    0.76
185.3663 , 15.0244 ,16.88 ,    9.40
  1.6433 , 15.5108 ,18.90 ,    5.40
161.0087 , 15.5889 ,18.80 ,   10.40
179.6683 , 15.5928 ,18.20 ,    6.27
 25.9225 , 15.6897 ,16.28 ,    7.87
185.5317 , 15.7992 ,15.95 ,    8.90
 24.9233 , 15.9031 ,15.71 ,    7.38
 25.0400 , 15.9047 ,14.37 ,    9.04
 59.2525 , 16.5244 ,15.76 ,    5.83
115.6300 , 16.5611 ,15.34 ,    8.02
143.7225 , 17.0514 ,16.50 ,    0.42
 50.0988 , 17.2950 ,16.29 ,    6.49
155.4379 , 18.0881 ,17.20 ,    2.00
193.9187 , 19.2092 ,16.90 ,    5.50
138.4125 , 19.6189 ,17.40 ,    4.43
142.5538 , 19.9917 ,17.02 ,    8.90
178.6863 , 20.0556 ,15.90 ,   16.40
135.7250 , 20.0753 ,17.90 ,    8.67
139.8725 , 21.6033 ,17.30 ,    9.08
142.6662 , 21.7236 ,18.20 ,    8.90
192.9421 , 21.7353 ,16.90 ,    5.50
 15.9792 , 21.8850 ,15.00 ,    0.65
187.0225 , 22.2908 ,16.80 ,    7.43
213.9854 , 23.0553 ,14.38 ,    2.20
177.2383 , 23.8378 ,15.14 ,   13.74
200.2700 , 24.1433 ,17.10 ,    7.20
204.8308 , 24.7758 ,14.47 ,    4.27
140.7375 , 24.9467 ,17.80 ,   10.40
184.5646 , 25.5683 ,17.90 ,   17.90
 45.1638 , 25.7822 ,18.10 ,    7.80
192.9350 , 26.1106 ,16.39 ,    9.20
193.6225 , 26.3050 ,16.60 ,   15.30
190.0071 , 26.3219 ,18.30 ,    9.20
 25.5700 , 26.3678 ,16.57 ,    7.20
 26.6733 , 26.8014 ,18.22 ,    7.20
186.4267 , 26.8100 ,17.30 ,   19.50
193.5217 , 27.1486 ,14.10 ,    4.04
 26.1779 , 27.2878 ,17.47 ,    7.20
 25.2829 , 27.3239 ,17.80 ,    6.52
179.6838 , 27.5850 ,16.50 ,    5.57
 28.8358 , 27.9542 ,16.30 ,    5.47
157.9825 , 28.0258 ,16.80 ,    9.20
185.4933 , 28.2428 ,18.70 ,    6.30
186.3663 , 28.4825 ,16.50 ,    6.15
192.0954 , 51.1647 ,13.43 ,    5.80
116.7350 , 51.2961 ,16.60 ,    6.98
 16.8854 , 51.4403 ,17.10 ,    4.27
203.6779 , 51.6139 ,13.55 ,    4.51
 23.7150 , 52.0917 ,17.00 ,    3.73
184.1192 , 52.2272 ,15.95 ,    4.21
183.9446 , 52.3875 ,15.30 ,    4.59
172.4750 , 52.4039 ,16.70 ,    9.00
190.9375 , 53.9589 ,16.60 ,    7.45
202.6850 , 54.9100 ,14.12 ,    2.69
177.5267 , 55.7833 ,17.30 ,    9.00
 36.1458 , 56.0117 ,16.20 ,    3.00
179.4758 , 56.6381 ,17.10 ,    7.03
213.7892 , 57.0875 ,16.10 ,    7.20
316.4708 , 57.2053 ,18.00 ,    5.90
 36.8625 , 57.4878 ,17.80 ,    3.00
312.1004 , 58.6183 ,17.60 ,    5.89
 43.9317 , 58.8617 ,19.38 ,    3.00
 43.5354 , 59.0053 ,17.97 ,    3.00
  5.1021 , 59.2917 ,11.78 ,    0.66
 38.8983 , 59.3797 ,17.80 ,    3.00
208.4233 , 60.0511 ,16.50 ,    8.00
307.6333 , 60.3536 ,16.50 ,    5.89
311.3367 , 60.4111 ,17.00 ,    5.89
307.5638 , 60.4403 ,15.90 ,    5.89
307.8858 , 60.8133 ,16.70 ,    5.89
176.7463 , 61.3350 ,16.30 ,    2.73
 68.0012 , 63.6139 ,15.22 ,    3.01
162.4021 , 65.5306 ,15.15 ,    7.45
183.5308 , 66.0922 ,14.60 ,    5.42
128.5271 , 66.1792 ,14.55 ,    3.56
 73.2788 , 67.0992 ,16.71 ,    3.34
235.4492 , 67.2542 ,15.40 ,    7.30
 56.3025 , 67.8639 ,15.70 ,    3.16
149.8879 , 68.6569 ,18.00 ,    3.60
150.1683 , 68.6603 ,19.80 ,    3.60
150.9250 , 68.6933 ,16.80 ,    3.82
149.3383 , 68.7153 ,19.80 ,    3.60
148.4521 , 68.9692 ,18.78 ,    4.02
 31.5329 , 69.0100 ,15.29 ,    3.30
149.3850 , 69.0431 ,14.53 ,    3.61
112.2275 , 69.2053 ,11.68 ,    3.19
149.3708 , 69.2722 ,16.80 ,    3.87
163.2379 , 69.5458 ,17.09 ,    3.70
129.2625 , 69.7753 ,14.95 ,    3.21
149.1904 , 28.8250 ,14.77 ,    9.80
 30.0413 , 28.8325 ,17.20 ,    4.90
145.0529 , 29.5914 ,16.32 ,   19.80
187.9942 , 29.7097 ,15.28 ,    8.10
183.4517 , 29.9589 ,17.40 ,    2.68
150.1521 , 30.5361 ,18.06 ,    7.10
149.8600 , 30.7464 ,12.92 ,    0.81
147.5817 , 31.4567 ,17.68 ,    7.10
147.5933 , 31.4875 ,14.46 ,    7.11
188.2208 , 31.5392 ,13.53 ,    4.85
159.1804 , 31.5467 ,15.41 ,   10.90
126.2708 , 32.0175 ,16.80 ,    8.15
146.2675 , 32.2383 ,16.06 ,    6.56
189.6667 , 32.7667 ,16.07 ,    3.61
190.4471 , 32.8578 ,16.40 ,    7.30
145.7492 , 33.2644 ,16.27 ,    8.30
 97.6217 , 33.3019 ,15.98 ,    7.01
184.4354 , 33.3453 ,17.70 ,    4.70
188.3537 , 33.3514 ,16.30 ,    6.90
 36.7200 , 33.4269 ,17.50 ,    9.30
189.2058 , 33.6133 ,16.90 ,   11.70
 45.7746 , 33.6944 ,16.70 ,    4.43
133.2113 , 33.7978 ,17.40 ,    7.70
185.7196 , 33.8286 ,16.60 ,    7.78
 36.8333 , 33.9583 ,18.00 ,    9.30
191.1046 , 34.3864 ,16.00 ,    9.10
185.4792 , 35.0514 ,15.90 ,    9.70
211.7946 , 35.0603 ,17.50 ,    2.14
187.1625 , 35.7181 ,14.76 ,    4.43
208.7029 , 35.8375 ,15.30 ,    3.08
 36.2508 , 36.0378 ,15.80 ,    9.30
164.1683 , 36.1411 ,17.76 ,    9.20
183.7413 , 36.2189 ,15.86 ,    2.86
164.4458 , 36.2608 ,15.50 ,    9.20
148.7108 , 36.3339 ,17.93 ,   15.40
191.7492 , 36.4764 ,15.12 ,    5.40
163.0229 , 36.4767 ,17.90 ,    9.20
163.0729 , 36.5933 ,16.00 ,    9.20
163.1700 , 36.6650 ,15.80 ,    9.20
186.7713 , 37.1425 ,14.12 ,    4.88
187.1188 , 37.2333 ,14.98 ,    6.89
185.4292 , 37.9872 ,16.70 ,    7.60
190.0087 , 38.0006 ,17.50 ,    8.50
207.7129 , 38.0211 ,14.45 ,    3.22
188.2808 , 38.1161 ,18.44 ,   10.00
190.5629 , 38.5019 ,13.79 ,    4.57
 38.2250 , 38.6806 ,15.65 ,    9.30
356.3917 , 38.7178 ,16.70 ,    2.45
189.3388 , 38.7453 ,15.74 ,    6.61
185.1808 , 46.2092 , 0.00 ,    6.50
208.7108 , 54.6472 , 0.00 ,    7.41
155.2508 , 68.7000 , 0.00 ,    3.70
 36.1779 ,-73.5128 ,16.00 ,    4.10
340.4542 ,-64.4200 ,15.70 ,    0.88
100.4029 ,-50.9661 ,11.30 ,    0.10
194.0400 ,-50.1439 ,16.42 ,    4.29
203.4329 ,-48.1511 ,11.62 ,    3.47
207.0383 ,-47.5650 ,17.50 ,    3.66
206.5717 ,-45.6847 ,17.57 ,    3.84
205.5233 ,-45.2050 ,16.32 ,    3.58
198.2883 ,-44.8900 ,14.59 ,    3.82
205.8992 ,-43.7692 ,18.00 ,    3.63
198.2996 ,-43.2656 ,14.21 ,    3.60
201.3704 ,-43.0167 , 7.84 ,    3.75
200.5517 ,-42.7308 ,18.50 ,    3.94
205.4087 ,-42.5819 ,18.10 ,    3.93
348.7638 ,-42.5394 ,21.40 ,    8.32
200.5075 ,-42.5356 ,15.68 ,    3.87
198.1875 ,-41.8319 ,17.75 ,    4.21
197.8092 ,-38.9061 ,17.30 ,    3.60
206.5033 ,-36.3289 ,17.41 ,    3.60
 39.9779 ,-34.5258 , 9.28 ,    0.14
196.4333 , -7.7556 ,16.80 ,    5.00
151.3933 , -7.7492 ,16.36 ,    9.70
151.3083 , -7.7186 , 9.87 ,    9.68
153.2625 , -1.6144 ,11.30 ,    0.09
173.2375 , -0.5333 ,16.90 ,    0.16
166.4196 ,  0.1208 ,16.20 ,   10.70
172.7900 ,  2.2200 ,17.60 ,    0.18
214.8117 ,  3.1239 ,18.00 ,    8.00
344.6292 ,  5.9525 ,17.20 ,    0.18
163.0813 , 11.0433 ,16.20 ,   10.40
161.6250 , 11.7558 ,19.00 ,   10.40
164.5437 , 11.9992 ,18.50 ,   10.40
160.6442 , 12.1506 ,18.50 ,   10.40
152.1121 , 12.3081 ,11.18 ,    0.25
161.6729 , 12.3264 ,16.98 ,   10.40
162.6129 , 12.3608 ,18.30 ,   10.40
161.9567 , 12.5817 ,10.24 ,   11.12
162.0704 , 12.6292 ,10.85 ,   11.38
161.7283 , 12.7881 ,17.80 ,   10.40
247.7583 , 12.7917 ,15.00 ,    0.15
209.5000 , 12.8333 ,16.32 ,    0.04
162.8379 , 12.8492 ,16.90 ,   10.40
161.5600 , 12.9600 ,18.70 ,   10.40
170.6000 , 12.9794 ,16.70 ,   10.30
162.5796 , 13.2719 ,15.60 ,   11.07
162.7221 , 13.4122 ,11.44 ,   10.40
 15.0392 ,-33.7092 ,10.05 ,    0.09
200.7337 ,-33.5728 ,17.65 ,    4.60
340.1829 ,-30.7997 ,16.30 ,    2.00
283.7629 ,-30.4783 , 4.50 ,    0.02
206.6646 ,-29.9792 ,17.60 ,    4.60
204.1479 ,-29.5708 ,14.30 ,    4.68
  5.9654 ,-24.7050 ,17.73 ,    4.21
138.1221 ,-24.2411 ,16.35 ,    9.80
138.0771 ,-24.2111 ,17.27 ,    9.80
138.0808 ,-24.1717 ,11.24 ,    9.82
137.9263 ,-23.9822 ,18.00 ,    9.80
200.8746 ,-23.3931 ,17.53 ,    4.60
137.2954 ,-23.3678 ,17.70 ,    9.80
  3.8546 ,-21.4439 ,12.97 ,    5.30
 54.8783 ,-18.6881 ,11.92 ,   24.50
190.0371 ,-12.3647 ,18.50 ,    9.30
190.3288 ,-11.9275 ,18.00 ,    9.30
189.9792 ,-11.7467 ,18.50 ,    9.30
190.0129 ,-11.6678 ,18.40 ,    9.30
  6.5458 ,-11.0444 ,14.40 ,    0.78
189.6404 ,-10.4903 ,17.70 ,    9.30
149.9479 , -9.3433 ,18.00 ,    9.70
209.0421 , 40.3033 ,17.50 ,   10.00
 10.6754 , 40.8664 , 8.89 ,    0.49
154.5925 , 41.1658 ,18.40 ,   11.10
 10.0938 , 41.6864 , 8.72 ,    0.82
358.6988 , 42.4708 ,15.80 ,    0.86
 13.2200 , 43.2000 ,16.70 ,    0.79
  9.2792 , 44.3222 ,17.70 ,    0.74
 16.6404 , 44.8044 ,16.70 ,    0.63
  0.5604 , 45.0889 ,17.00 ,    1.36
  9.3629 , 45.3869 ,17.60 ,    0.83
 19.6250 , 46.3661 ,17.20 ,    0.60
185.2292 , 46.8292 ,19.40 ,    7.80
  7.5371 , 46.8519 ,15.90 ,    0.81
185.1692 , 47.0008 ,17.50 ,    7.80
184.9033 , 47.0925 ,18.60 ,    7.80
184.8908 , 47.4517 ,17.00 ,    7.80
185.1254 , 47.4903 ,20.50 ,    7.80
 17.5712 , 47.6281 ,15.92 ,    0.81
185.9425 , 47.6589 ,18.40 ,    7.80
184.7771 , 47.7308 ,18.50 ,    7.80
  5.9400 , 47.9161 ,18.40 ,    0.76
  9.7417 , 48.3361 , 9.99 ,    0.61
  8.2983 , 48.5078 ,10.36 ,    0.76
143.5154 , 70.2158 ,19.30 ,    3.66
148.8067 , 70.4081 ,19.50 ,    3.93
152.3954 , 70.5486 ,18.00 ,    9.00
146.1433 , 71.4825 ,16.70 ,    3.39
165.2171 , 13.8808 ,16.96 ,   10.40
161.1471 , 13.9397 ,16.40 ,   10.40
161.9267 , 13.9856 ,11.24 ,   10.91
161.6033 , 14.0250 ,18.00 ,   10.40
210.0000 , 14.5000 ,13.66 ,    0.07
163.0838 , 14.7072 ,18.60 ,   10.40
163.0200 , 15.0306 ,17.10 ,   10.40
194.1042 , 15.0858 ,16.90 ,    6.00
151.7633 , 16.0736 ,16.21 ,    0.02
196.1246 , 17.7589 ,17.30 ,    4.40
320.3792 , 19.1172 ,15.90 ,    0.02
 34.8167 , 20.1753 ,16.20 ,    0.03
170.7646 , 21.3269 ,18.40 ,   10.00
143.2038 , 21.4650 ,16.36 ,    8.90
195.6746 , 21.9975 ,17.40 ,    4.40
168.3717 , 22.1547 ,12.61 ,    0.21
186.7458 , 23.9042 ,14.98 ,    0.04
357.9433 , 24.5861 ,14.17 ,    0.82
209.2808 , 26.7750 ,12.60 ,    0.05
 21.9167 , 28.0903 ,18.80 ,    0.79
162.9963 , 28.3625 ,17.40 ,   10.00
184.6225 , 28.6458 ,16.50 ,    9.00
203.1508 , 49.8303 ,16.70 ,    8.00
351.6325 , 50.6756 ,13.65 ,    0.79
162.3375 , 51.0500 ,16.04 ,    0.04
158.7200 , 51.9200 ,15.29 ,    0.10
209.3108 , 54.1008 ,15.77 ,    8.32
243.4483 , 54.3711 ,17.00 ,    1.86
179.3983 , 55.4586 ,13.43 ,   10.30
260.0058 , 57.9094 ,10.90 ,    0.08
 39.1479 , 59.6550 ,13.47 ,    3.01
132.8750 , 63.1300 ,14.80 ,    0.03
150.0667 , 63.1850 ,17.87 ,    3.91
158.6329 , 66.0117 ,16.90 ,    3.85
151.2804 , 66.5550 ,16.01 ,    3.50
113.5471 , 66.8861 ,15.64 ,    3.19
151.6925 , 67.2011 ,19.70 ,    3.87
227.2971 , 67.2144 ,11.90 ,    0.06
146.2083 , 67.4756 ,15.70 ,    3.77
147.5417 , 67.5067 ,16.30 ,    3.48
156.6163 , 67.6567 ,16.50 ,    3.72
151.7579 , 67.8275 ,15.52 ,    3.70
151.1679 , 68.2556 ,17.53 ,    3.78
152.0246 , 68.3992 ,16.50 ,    3.75
149.2612 , 68.5917 ,15.24 ,    3.60
153.7325 , 68.7575 ,20.20 ,    4.57
146.2917 , 68.7650 ,17.50 ,    3.40
153.7788 , 69.0375 ,20.50 ,    4.07
146.0938 , 69.2111 ,21.00 ,    3.98
 12.8958 , 29.6969 ,16.90 ,    0.73
184.9112 , 29.8833 ,15.22 ,   16.67
185.4871 , 30.0742 ,14.11 ,   14.00
182.6400 , 30.4017 ,12.49 ,   13.74
359.7317 , 30.7556 ,17.00 ,    0.73
338.1717 , 31.2161 ,16.70 ,    0.65
192.2196 , 31.9703 ,17.50 ,    5.40
 14.8742 , 32.3767 ,15.70 ,    0.52
190.8525 , 32.4822 ,17.40 ,    7.30
190.9358 , 32.5344 ,19.00 ,    7.30
190.4988 , 32.5736 ,13.01 ,    7.30
 33.2325 , 32.8142 ,17.00 ,    4.19
 12.6767 , 32.9164 ,16.28 ,    0.63
 12.9625 , 33.0044 ,18.20 ,    0.84
 19.1242 , 33.4192 ,15.10 ,    0.65
202.0146 , 33.5558 ,13.94 ,    0.22
133.8417 , 33.5592 ,17.70 ,    7.70
 11.5833 , 33.8014 ,18.50 ,    0.73
194.2917 , 34.3208 ,16.95 ,    0.16
 11.8625 , 34.3747 ,18.70 ,    0.83
  4.8838 , 35.0436 ,16.80 ,    0.93
  1.8779 , 35.1322 ,19.00 ,    0.80
192.3054 , 35.6125 ,17.62 ,    4.74
 17.3621 , 35.7175 ,11.21 ,    3.05
  8.8908 , 36.4978 ,15.20 ,    0.75
 11.4167 , 38.0372 ,13.90 ,    0.73
 18.5779 , 38.1175 ,15.90 ,    0.76
 22.3408 , 38.7189 ,15.10 ,    0.73
  9.1454 , 49.6467 , 0.00 ,    0.68
